0 0.2015625 0.20859375 0.203125 0.0796875
0 0.4453125 0.28515625 0.15625 0.1859375
0 0.2296875 0.35546875 0.26328125 0.1546875
0 0.11796875 0.628125 0.1421875 0.27109375
0 0.21484375 0.803125 0.0703125 0.24609375
0 0.346875 0.89609375 0.23359375 0.0953125
0 0.6828125 0.5640625 0.240625 0.0875
0 0.809375 0.2421875 0.23515625 0.09296875
0 0.85390625 0.3234375 0.1453125 0.11484375
0 0.84375 0.396875 0.21015625 0.06796875
0 0.8734375 0.4234375 0.22890625 0.07578125
0 0.63984375 0.93125 0.2796875 0.071875