0 0.40078125 0.25390625 0.1921875 0.2015625
0 0.9203125 0.31640625 0.12890625 0.2015625
0 0.565625 0.1265625 0.21796875 0.06171875
0 0.62265625 0.09296875 0.2171875 0.05703125
0 0.428125 0.06640625 0.2125 0.0578125
0 0.9140625 0.76796875 0.08125 0.25078125
0 0.66640625 0.79140625 0.1765625 0.2296875
0 0.73203125 0.9078125 0.1140625 0.184375
0 0.259375 0.96640625 0.121875 0.0671875
0 0.2078125 0.48359375 0.23515625 0.2859375
0 0.0765625 0.63359375 0.153125 0.10703125
0 0.06484375 0.3140625 0.1296875 0.14296875