0 0.5296875 0.4734375 0.31796875 0.140625
0 0.8765625 0.48125 0.13515625 0.29375
0 0.80390625 0.30390625 0.2171875 0.19765625
0 0.75703125 0.17578125 0.2484375 0.2484375
0 0.60625 0.22734375 0.259375 0.1921875
0 0.546875 0.11640625 0.340625 0.10390625
0 0.2890625 0.2375 0.14375 0.278125
0 0.35234375 0.5109375 0.2640625 0.23671875
0 0.12109375 0.2921875 0.1640625 0.2625
0 0.60859375 0.8234375 0.2515625 0.29921875
0 0.5984375 0.7984375 0.24375 0.146875
0 0.7875 0.765625 0.246875 0.3
0 0.3515625 0.79765625 0.30546875 0.18515625
0 0.06953125 0.61171875 0.1390625 0.2140625
0 0.1171875 0.565625 0.1875 0.23125