0 0.1984375 0.26484375 0.18125 0.0828125
0 0.4359375 0.33671875 0.1265625 0.17421875
0 0.22265625 0.4125 0.2546875 0.1640625
0 0.134375 0.67109375 0.12890625 0.2359375
0 0.2328125 0.82890625 0.05859375 0.221875
0 0.37109375 0.89375 0.21640625 0.10859375
0 0.6390625 0.92109375 0.253125 0.0828125
0 0.66640625 0.58359375 0.2453125 0.0796875
0 0.8453125 0.44765625 0.20234375 0.07421875
0 0.82109375 0.415625 0.1890625 0.0546875
0 0.77578125 0.28046875 0.20859375 0.07578125
0 0.821875 0.3515625 0.125 0.11171875