0 0.434375 0.06484375 0.24375 0.0890625
0 0.21953125 0.128125 0.1734375 0.14296875
0 0.90546875 0.29765625 0.0890625 0.2421875
0 0.9578125 0.37890625 0.084375 0.2296875
0 0.3609375 0.671875 0.24453125 0.190625
0 0.0734375 0.37890625 0.146875 0.17890625
0 0.134375 0.78046875 0.1875 0.24453125
0 0.77734375 0.8125 0.31015625 0.12734375
0 0.53125 0.853125 0.27265625 0.10234375
0 0.77734375 0.8671875 0.23828125 0.10390625
0 0.69453125 0.9265625 0.31953125 0.0640625
0 0.5828125 0.97265625 0.23984375 0.05390625