0 0.45234375 0.0609375 0.2484375 0.08984375
0 0.0625 0.25546875 0.08125 0.1921875
0 0.2015625 0.37578125 0.3140625 0.15859375
0 0.88671875 0.4171875 0.18671875 0.1640625
0 0.86015625 0.42109375 0.16484375 0.196875
0 0.8625 0.490625 0.196875 0.16171875
0 0.8796875 0.54453125 0.16875 0.15234375
0 0.7234375 0.6578125 0.0828125 0.25234375
0 0.58125 0.7375 0.27890625 0.16640625
0 0.57109375 0.9609375 0.246875 0.078125
0 0.159375 0.7515625 0.1078125 0.2984375
0 0.18828125 0.8578125 0.13828125 0.2328125